254.0965 
321.32961991711994 
343.03725520638477 
350.83224343434335 
357.1980245791246 
363.5638057239057 
370.2661323529412 
377.19791666666663 
384.12970098039216 
391.06148529411763 
398.51759377604435 
406.393425925926 
414.26925807580756 
422.1450902256893 
430.0209223755709 
437.33021673943426 
444.18691273889635 
451.04360873835833 
457.90030473782036 
464.75700073728245 
471.61369673674454 
478.4703927362066 
484.94309520083465 
491.17642507231943 
497.4097549438042 
503.643084815289 
509.8764146867738 
516.1097445582586 
522.3430744297434 
528.5764043012282 
534.809734172713 
541.0430640441979 
546.8925899828521 
552.6309444444445 
558.3692989060368 
564.1076533676292 
569.8460078292215 
575.2207074359952 
580.1495007782225 
585.0782941204499 
590.007087462677 
594.9358808049043 
599.8646741471316 
604.7934674893589 
609.7222608315863 
614.6446284146566 
619.4544262169375 
624.2642240192184 
629.0740218214993 
633.8838196237803 
638.6936174260612 
643.5034152283422 
648.3132130306232 
653.1230108329041 
657.932808635185 
662.742606437466 
667.5524042397469 
672.3443453437815 
677.1243670942926 
681.9043888448037 
686.6844105953148 
691.4644323458259 
696.2444540963371 
701.0244758468481 
705.8044975973592 
710.5845193478704 
715.3645410983814 
720.1445628488925 
724.9245845994036 
729.5349608538211 
733.9769760371004 
738.4189912203798 
742.8610064036591 
747.3030215869385 
751.7450367702178 
756.1870519534972 
760.6290671367765 
765.0710823200558 
769.5130975033351 
773.9534948147 
778.1907160847543 
782.4279373548087 
786.665158624863 
790.9023798949174 
795.1396011649717 
799.5989410946636 
804.9659622611451 
810.3329834276268 
815.7000045941083 
821.0670257605897 
826.4340469270711 
831.8010680935528 
837.1680892600343 
841.64220236996 
845.0459252590541 
848.4496481481482 
851.8533710372421 
855.2570939263362 
858.6608168154303 
862.0645397045242